0,222
0,221
47,5
47,4
47,3
47,2
0,220
47,1
47,0
0,219
0,218
46,4
46,3
46,2
0,217
46,1
46,0
0,216
0,215
45,4
45,3
45,2
0,214
45,1
45,0
0,213
0,212
44,4
44,3
44,2
0,211
44,1
44,0
14,5
14,1
14,4
0,210
0,209
43,4
43,3
43,2
0,208
43,1
43,0
0,207
0,206
42,4
42,3
42,2
0,319
0,205
42,1
42,0
41,4
41,3
41,2
41,1
41,0
40,5
40,4
40,3
40,2
40,1
40,0
39,4
39,3
39,2
39,1
39,0
38,4
38,3
38,2
38,1
38,0
37,3
37,2
0,318
0,317
0,2
37,1
37,0
36,4
36,3
36,2
36,1
36,0
35,3
35,2
35,1
35,0
34,4
34,3
34,2
34,1
34,0
0,316
33,5
33,4
33,3
33,2
0,282
33,1
33,0
0,281
0,280
32,3
32,2
0,279
32,1
32,0
0,277
0,274
31,4
31,3
31,2
0,311
31,1
31,0
0,310
0,202
30,5
30,4
30,3
30,2
0,309
30,1
30,0
0,307
0,305
29,5
29,4
29,3
29,2
0,303
29,1
29,0
0,301
0,300
28,4
28,3
28,2
0,299
28,1
28,0
0,298
0,297
27,4
27,3
27,2
0,296
27,1
27,0
0,295
0,294
26,5
26,4
26,3
26,2
0,293
26,1
26,0
0,292
0,291
25,5
25,4
25,3
25,2
0,290
25,1
25,0
0,289
0,288
24,4
24,3
24,2
0,287
24,1
24,0
0,286
14,3
0,285
13,3
0,272
0,271
23,4
23,3
23,2
0,12
0,11
0,275
0,276
0,10
0,9
0,284
0,8
23,1
23,0
0,7
3,3
0,51
10,313
0,546
0,243
10,312
10,311
0,545
10,310
0,544
10,309
10,308
0,543
10,307
0,542
10,306
10,305
0,541
11,29
10,304
0,540
10,303
0,539
10,302
8,18
10,301
0,538
10,300
0,537
10,299
0,536
10,298
10,297
0,535
10,296
0,534
10,295
10,294
0,533
10,293
11,28
0,532
10,292
